image: construction_site_house.pgm
resolution: 0.050000
origin: [-18.170978, -10.168265, 0.000000]
negate: 0
occupied_thresh: 0.65
free_thresh: 0.196

