image: construction_site_house2.pgm
resolution: 0.050000
origin: [-21.861475, -19.992249, 0.000000]
negate: 0
occupied_thresh: 0.65
free_thresh: 0.196

