image: drywall_stack.pgm
resolution: 0.050000
origin: [-11.128506, -19.206075, 0.000000]
negate: 0
occupied_thresh: 0.65
free_thresh: 0.196

